"1043"	114	114 156	156 274	274 000	000 334	334 218	222 140	152 101	101 150	150	248	248 099	099 211	211 310	310 190	190 230	238 200	204 188	180 245	237
"1064"	114	114 152	156 266	274 000	000 000	000 218	222 140	140 101	101 150	150 248	248 115	115 211	211 306	310 186	190 238	238 200	200 188	188 245	237
"0928"	114	114 156	156 266	278 000	000 330	330 000	000 140	152 101	101 150	150 248	248 115	115 211	211 310	310 178	190 230	230 000	000 188	188 245	237
"0990"	114	114 156	156 000	000 000	000 338	338 196	218 140	152 101	101 000	000 248	248 000	000 211	211 310	310 190	190 230	230 200	204 188	188 245	237
"1041"	114	114 152	156 226	226 000	000 338	338 184	222 140	140 125	125 150	150 248	248 111	111 211	211 306	310 178	186 230	234 000	000 184	184 245	245
"1042"	114	114 156	156 226	278 000	000 000	000 196	222 140	152 101	101 150	154 248	248 115	115 211	211 310	310 178	190 230	234 200	204 188	188 145	237
"1111"	000	000 000	000 000	000 000	000 000	000 000	000 000	000 000	000 000	000 000	000 000	000 000	000 000	000 000	000 230	234 200	204 000	000 000	000
"1034"	000	000 000	000 000	000 000	000 000	000 000	000 000	000 000	000 000	000 248	264 000	000 211	211 000	000 000	000 000	000 000	000 000	000 000	000
"1035"	114	114 148	152 266	266 000	000 000	000 000	000 000	000 101	101 154	154 248	248 111	111 211	211 306	318 190	190 000	000 200	200 180	180 245	237
"1056"	114	114 152	156 266	278 237	241 000	000 222	222 148	152 101	101 154	154 248	248 111	111 211	211 306	306 178	190 000	000 000	000 180	180 245	237
"0941"	114	114 148	152 266	278 000	000 334	338 000	000 148	152 101	101 000	000 248	264 111	111 211	211 306	306 186	190 238	238 000	000 180	180 245	237
"0942"	114	114 148	156 266	278 000	000 334	334 218	222 140	148 101	101 154	154 248	264 111	111 211	211 306	306 178	190 238	238 000	000 180	180 245	249
"0943"	000	000 000	000 000	000 237	249 000	000 000	000 152	152 101	101 154	154 248	248 111	111 211	211 306	306 186	190 238	238 200	204 180	180 245	237
"1053"	114	114 156	156 266	278 233	237 000	000 222	222 148	148 101	101 154	154 248	268 111	111 211	211 322	322 190	190 230	230 200	200 180	180 245	245
"1054"	114	114 152	160 266	266 000	000 000	000 000	000 000	000 000	000 000	000 248	248 111	111 211	211 306	318 190	190 238	238 200	200 180	180 237	245
"0931"	114	114 152	160 000	000 241	241 334	334 000	000 140	148 101	101 154	154 248	248 000	000 211	211 306	322 190	190 238	238 200	200 180	180 245	237
"1068"	114	114 156	160 266	266 237	241 334	338 218	222 140	152 101	101 150	154 240	248 111	115 215	215 000	000 000	000 230	238 000	000 000	000 000	000
"1070"	114	114 148	160 266	266 237	241 338	338 218	226 152	152 101	101 000	000 244	248 115	115 211	215 000	000 000	000 230	230 200	204 000	000 000	000
"0957"	114	114 148	156 266	266 000	000 338	342 218	226 140	152 101	101 150	154 240	240 000	000 211	215 000	000 000	000 230	238 200	200 000	000 000	000
"0933"	114	114 148	156 266	266 237	241 334	342 218	226 152	152 000	000 150	154 240	164 000	000 211	211 000	000 000	000 230	238 200	200 000	000 000	000
"0947"	114	114 148	156 266	266 237	241 000	000 000	000 000	000 101	101 154	154 240	240 115	115 211	211 000	000 000	000 238	238 204	204 000	000 000	000
"0954"	114	118 152	156 266	266 000	000 330	334 218	222 148	152 101	101 150	154 256	264 111	111 211	211 000	000 000	000 000	000 000	000 000	000 000	000
"0891"	114	118 156	160 266	274 237	241 334	334 218	218 140	152 000	000 000	000 211	211 000	000 000	000 000	000 000	000 000	000 000	000 000	000 000	000
"0953"	114	118 156	160 266	274 237	237 330	330 218	222 140	148 101	101 154	154 248	264 111	111 211	211 000	000 000	000 234	238 200	204 000	000 000	000
"0955"	114	114 152	160 000	000 241	245 334	334 218	222 140	152 101	101 150	154 000	000 000	000 000	000 000	000 000	000 000	000 204	204 000	000 000	000
"0956"	114	114 160	160 000	000 000	000 334	334 218	222 140	152 101	101 154	154 248	272 000	000 211	211 000	000 000	000 230	238 200	204 000	000 000	000
"0923"	114	118 152	160 266	274 000	000 000	000 000	000 000	000 101	101 154	154 000	000 000	000 000	000 000	000 000	000 000	000 000	000 000	000 000	000
